4
21
22
23
24
25
26
126
127
128
129
130
131
132
133
134
135
136
137
138
139
140
141
142
161
162
163
164
165
166
167
176
177
178
179
182
183
184
185
186
187
191
192
193
194
199
201
202
204
205
206
207
208
209
210
211
212
213
214
216
217
218
219
220
221
222
223
224
225
226
227
228
229
230
231
233
234
235
312
313
357
380
381
382
401
402
403
404
405
406
407
408
409
410
411
412
413
414
415
416
417
418
419
420
421
422
423
424
425
427
428
429
430
431
432
433
434
435
451
452
453
454
455
456
457
458
520
532
533
534
535
536
537
538
650
651
652
653
654
655
656
657
658
659
660
661
662
663
664
665
666
667
668
669
670
671
672
673
674
675
701
702
703
704
705
706
707
708
709
710
711
712
911
912
913
914
915
713
714
715
716
717
718
719
720
721
722
751
752
753
754
755
756
757
758
759
760
761
762
763
764
765
766
767
768
769
770
771
772
773
774
781
782
783
784
785
786
787
700
788
789
790
791
792
793
794
795
796
797
801
802
803
805
806
807
808
809
810
840
852
853
862
863
864
865
866
899
901
902
903
904
905
906
965
966
967
968
969
1101
1104
1105
1108
1109
1110
1111